s0 =

   0.944119131821305   0.004711477923187   0.329570731262295
   
	 source coordinates (deg):
	 	 0.285923
	 	 19.242723
	 source coordinates (mm):
	 	 944.119132
	 	 4.711478
	 	 329.570731
